        [,1] [,2] [,3] [,4]  [,5] [,6] [,7] [,8]  [,9] [,10]
  [1,] 1.625  820 1.14  829 1.131  764 1.09 1108 1.055  1365
  [2,] 1.170 1296 1.19  765 1.095  662 1.11 1004 1.198  1101
  [3,] 1.353  710 1.12  842 0.984  969 1.30  771 1.178  1183
  [4,] 1.237 1109 1.25  842 0.942  958 1.32  751 1.072  1124
  [5,] 1.436  858 1.27  718 0.937 1010 1.26  703 1.174  1069
  [6,] 1.530  697 1.22  818 1.004  995 1.06 1049 1.017  1336
  [7,] 1.613  730 1.28  726 1.070  877 1.19  894 1.150  1157
  [8,] 1.490  992 1.09  889 1.161  794 1.23  849 1.081  1105
  [9,] 1.368 1174 1.28  837 1.087  844 1.23  778 1.086  1368
 [10,] 1.330 1053 1.20  784 1.072  960 1.12 1021 1.028  1465
 [11,] 1.343  928 1.19  761 0.938 1175 1.20  946 1.123  1160
 [12,] 1.364  864 1.30  738 1.044  877 1.10 1033 1.160  1065
 [13,] 1.397 1104 1.08  772 0.964 1085 1.21  836 0.947  1706
 [14,] 1.635  742 1.10  940 0.970  938 1.28  821 1.120  1193
 [15,] 1.404  956 1.22  764 1.051  851 1.29  810 1.059  1078
 [16,] 1.627  760 1.22  739 0.968 1075 1.20  869 0.953  1414
 [17,] 1.298  967 1.18  930 1.049  877 1.32  777 1.148   962
 [18,] 1.364  865 1.27  758 1.002  876 1.23  795 1.002  1281
 [19,] 1.197 1067 1.33  682 0.896 1026 1.24  923 1.272   978
 [20,] 1.611  784 1.31  678 1.002  861 1.14  929 1.176  1048
 [21,] 1.532  692 1.24  763 0.934 1088 1.10 1043 1.180  1094
 [22,] 1.420  970 1.22  865 1.169  729 1.33  732 1.117  1396
 [23,] 1.402  959 1.07  883 0.909  964 1.34  786 1.064  1277
 [24,] 1.526  786 1.19  780 1.058 1033 1.05 1010 1.201  1039
 [25,] 1.332  980 1.24  719 1.090  757 1.26  929 1.001  1367
 [26,] 1.472  740 1.25  756 1.055  817 1.23  801 1.070  1443
 [27,] 1.375  945 1.16  863 1.069  881 1.22  887 1.349   895
 [28,] 1.072 1262 1.25  828 1.096  795 1.44  793 1.094  1146
 [29,] 1.482  848 1.29  795 1.007  879 1.28  851 1.052  1284
 [30,] 1.350  966 1.27  706 1.162  833 1.14 1077 0.990  1400
 [31,] 1.505  922 1.21  774 1.078  877 1.11  895 1.185  1104
 [32,] 1.535  813 1.20  826 0.991  981 1.14  845 1.118  1264
 [33,] 1.322  928 1.14  766 1.138  811 1.15  888 1.122  1166
 [34,] 0.958 1539 1.33  704 1.090  894 1.36  763 1.143  1032
 [35,] 1.428  941 1.08  902 1.002 1014 1.29  785 1.101  1499
 [36,] 1.291  939 1.16  841 0.963  903 1.27  812 1.168  1079
 [37,] 1.234  971 1.15  802 1.083  901 1.33  843 1.201   995
 [38,] 1.219 1045 1.35  759 1.074  930 1.10  880 1.025  1549
 [39,] 1.217 1057 1.16  767 1.020  786 1.41  727 1.109  1316
 [40,] 1.456  982 1.18  813 1.024  926 1.15 1030 0.958  1560
 [41,] 1.113 1272 1.21  730 1.139  713 1.19  830 1.111  1042
 [42,] 1.110  976 1.04  836 1.080  898 1.26  957 1.361  1157
 [43,] 1.203 1013 1.39  706 1.051  822 1.13  859 1.196  1228
 [44,] 1.377  815 1.18  805 1.082  745 1.23  863 1.188  1156
 [45,] 1.584  730 1.15  866 0.971 1083 1.28  788 1.210  1092
 [46,] 1.148 1120 1.31  780 1.000  991 1.47  636 0.986  1671
 [47,] 1.487  831 1.40  691 1.134  819 1.20  919 1.027  1418
 [48,] 1.267 1025 1.16  825 0.995  876 1.09  908 1.130  1214
 [49,] 1.502  747 1.29  822 1.018  974 1.21  835 1.165  1035
 [50,] 1.245  955 1.37  743 1.087  839 1.42  715 1.037  1265
 [51,] 1.471  691 1.41  752 0.892 1228 1.17  851 0.933  1544
 [52,] 1.566  712 1.11  754 1.047  954 1.31  977 1.185  1076
 [53,] 1.382 1034 1.26  743 1.151  741 1.12  990 1.128  1263
 [54,] 1.651  784 1.25  750 0.981  942 1.35  852 1.081  1063
 [55,] 1.491  760 1.27  785 1.131  753 1.36  758 0.955  1279
 [56,] 1.421  784 1.18  789 1.027  957 1.25  872 1.195  1006
 [57,] 1.297 1088 1.23  745 0.903  974 1.25  898 1.216  1067
 [58,] 1.626  753 1.38  689 0.964 1014 1.23  932 1.102  1571
 [59,] 1.139 1354 1.27  815 1.108  730 1.24  841 1.099  1294
 [60,] 1.437  771 1.20  719 0.878 1317 1.30  786 1.220  1199
 [61,] 1.283  880 1.09  926 1.047  808 1.45  718 1.089  1265
 [62,] 1.263 1035 1.30  713 1.012  787 1.25  804 1.060  1514
 [63,] 1.452  763 1.11  872 1.111  814 1.13 1031 1.084  1302
 [64,] 1.445  893 1.39  678 1.040  819 1.11 1069 1.170   905
 [65,] 1.713  800 1.12  832 0.986  998 1.10  960 0.989  1302
 [66,] 1.116 1413 1.23  839 1.031  844 1.33  745 1.195  1092
 [67,] 1.278 1038 1.17  827 1.059  956 1.12  963 1.032  1317
 [68,] 1.180 1241 1.14  811 0.997  924 1.49  722 1.140  1016
 [69,] 1.147  985 1.26  702 0.959 1081 1.12  924 1.090  1178
 [70,] 1.376  951 1.18  840 0.935  905 1.26  789 1.133   976
 [71,] 1.443  888 1.20  691 0.973  984 1.29  780 1.043  1198
 [72,] 1.088 1269 1.43  696 1.000  887 1.23  923 1.018  1290
 [73,] 1.138 1142 1.20  775 1.027  964 1.31  981 1.137  1086
 [74,] 1.174 1011 1.17  819 1.118  847 1.13  911 1.294  1126
 [75,] 1.356  973 1.32  722 0.953 1156 1.13  940 1.075  1154
 [76,] 1.462  856 1.28  689 0.982  941 1.42  760 1.031  1643
 [77,] 1.428  776 1.16  905 0.905 1043 1.27  951 1.167  1086
 [78,] 1.323 1044 1.32  711 1.027  934 1.11  883 1.193   970
 [79,] 1.535  853 1.18  839 0.981  936 1.16  902 1.132  1120
 [80,] 1.506  862 1.22  759 0.945 1025 1.32  842 1.084  1200
 [81,] 1.694  698 1.16  841 0.939  918 1.08  982 1.175  1092
 [82,] 1.209  987 1.23  839 1.070  939 1.16 1008 1.131  1075
 [83,] 1.404  779 1.20  811 0.977  983 1.23  922 1.143  1113
 [84,] 1.463  851 1.13  845 1.037  775 1.24  875 1.127  1161
 [85,] 1.190  969 1.21  942 1.064  785 1.05  903 1.124  1214
 [86,] 1.457  808 1.16  829 1.022  938 1.38  765 1.115  1438
 [87,] 1.328 1039 1.52  669 1.067  863 1.07 1066 0.978  1328
 [88,] 1.337  978 1.35  708 0.971  874 1.25  863 1.149  1124
 [89,] 1.394  878 1.17  911 1.027  909 1.15 1099 1.135  1212
 [90,] 1.178 1001 1.15  831 1.173  747 1.44  799 1.067  1365
 [91,] 1.232 1069 1.38  689 1.042  809 1.08 1029 1.269   911
 [92,] 1.229 1089 1.35  704 1.005  994 1.37  767 1.273   900
 [93,] 1.392  838 1.25  787 0.948  883 1.32  770 1.313  1225
 [94,] 1.314  887 1.28  831 1.047  895 1.18  955 1.239  1007
 [95,] 1.425  915 1.15  800 1.052  923 1.22  851 1.304   894
 [96,] 1.311  875 1.25  741 1.028  883 1.26  877 1.190  1045
 [97,] 1.433  865 1.43  657 1.018  870 1.28  846 1.088  1109
 [98,] 1.439  803 1.14  820 1.066  803 1.43  813 1.078  1316
 [99,] 1.135 1285 1.31  807 1.011  984 1.41  782 1.172  1010
[100,] 1.232 1027 1.11  964 1.065  929 1.35  844 1.213   963
[101,] 1.113 1490 1.16  729 1.005  862 1.43  750 1.170  1014
[102,] 1.526  846 1.27  810 0.977 1037 1.15  869 1.106  1264
[103,] 1.150 1316 1.22  774 1.026  857 1.22  972 1.248   971
[104,] 1.264 1143 1.17  941 1.058  910 1.33  815 0.993  1397
[105,] 1.187 1117 1.23  762 1.021 1005 1.10 1016 1.115  1371
[106,] 1.614  883 1.21  778 1.016  988 1.26  851 0.959  1320
[107,] 1.473  769 1.09  898 0.890 1080 1.14  990 1.256  1071
[108,] 1.420  816 1.23  783 0.905 1043 1.22  958 1.192   883
[109,] 1.357  903 1.19  766 0.970 1028 1.13  944 1.054  1260
[110,] 1.284  914 1.31  743 1.006  914 1.35  718 1.056  1338
[111,] 1.588  879 1.16  855 1.055  895 1.46  771 0.995  1368
[112,] 1.338  829 1.45  682 0.980 1059 1.16 1035 1.195  1155
[113,] 1.287 1022 1.24  825 1.061  867 1.32  728 1.088  1104
[114,] 1.395 1054 1.23  764 1.106  767 1.28  919 1.134  1235
[115,] 1.464  788 1.27  852 1.019  770 1.14 1108 1.263  1063
[116,] 1.491  753 1.16  793 0.980  961 1.19  968 1.124  1070
[117,] 1.483  816 1.14  804 1.019  746 1.33  892 0.975  1759
[118,] 1.530  844 1.26  820 1.084  775 1.09 1117 1.072  1189
[119,] 1.330  926 1.23  801 1.068  720 1.23  953 1.112  1106
[120,] 1.269 1089 1.34  761 1.086  822 1.21  841 1.222  1200
[121,] 1.294  885 1.23  793 0.949 1087 1.24  892 1.046  1312
[122,] 1.386  997 1.21  778 1.003  793 1.18  885 1.108  1163
[123,] 1.413  932 1.36  781 0.918 1029 1.07 1029 1.026  1536
[124,] 1.258 1066 1.19  896 1.016  956 1.27  832 0.953  1330
[125,] 1.364  759 1.12 1021 1.008  796 1.24  939 1.008  1267
[126,] 1.300  971 1.19  767 0.994  951 1.28  843 1.010  1301
[127,] 1.331 1034 1.11  880 1.160  725 1.25  902 1.322   951
[128,] 1.401 1067 1.22  695 1.015  926 1.18 1069 1.019  1350
[129,] 1.366  827 1.25  745 1.061  874 1.25  857 1.140  1036
[130,] 1.390  896 1.19  770 1.207  764 1.29  923 1.076  1366
[131,] 1.437  881 1.13  849 0.997 1013 1.29  851 1.072  1318
[132,] 1.404  835 1.10  823 0.971  941 1.19  976 1.119  1276
[133,] 1.881  664 1.30  747 0.979 1123 1.21  926 1.078  1122
[134,] 1.271 1074 1.12  951 1.074  708 1.20  914 1.269   914
[135,] 1.466  785 1.26  848 1.127  776 1.35  921 0.937  1450
[136,] 1.328  877 1.19  752 0.966 1145 1.11 1025 1.198  1084
[137,] 1.325 1038 1.07  897 1.126  886 1.11 1011 1.151  1102
[138,] 1.502  719 1.17  770 1.194  758 1.13  966 1.140  1059
[139,] 1.497  791 1.15  826 1.094  786 1.38  690 1.143  1070
[140,] 1.375 1000 1.28  726 1.136  835 1.12  948 0.955  1401
[141,] 1.194 1243 1.35  777 0.990  919 1.19  857 0.961  1440
[142,] 1.404  873 1.14  734 1.028  865 1.19  930 1.058  1282
[143,] 1.308 1072 1.19  692 1.121  777 1.17  902 1.121  1292
[144,] 1.553  776 1.23  717 0.969  810 1.20  990 1.213  1055
[145,] 1.301  971 1.16  932 1.061  824 1.30  781 1.044  1304
[146,] 1.261 1027 1.17  778 1.007  944 1.34  698 1.158  1186
[147,] 1.362 1101 1.17  791 1.058  811 1.22  860 1.043  1578
[148,] 1.466  814 1.24  735 1.089  818 1.13 1062 1.162  1062
[149,] 1.398  936 1.29  803 1.116  746 1.32  772 1.113  1265
[150,] 1.531  824 1.25  831 1.083  850 1.11  895 1.112  1538
[151,] 1.135 1129 1.20  801 1.025  983 1.26  707 1.253  1217
[152,] 1.439  859 1.14  844 0.973 1004 1.37  748 1.118  1374
[153,] 1.445  863 1.10  876 0.893  996 1.32  762 1.161  1243
[154,] 1.397  862 1.13  937 0.990  957 1.24  903 1.136  1027
[155,] 1.445  761 1.17  863 0.985  891 1.10  918 1.307  1053
[156,] 1.494  825 1.26  746 0.965 1000 1.38  687 1.045  1565
[157,] 1.468  809 1.20  813 0.910 1043 1.21  835 1.361   918
[158,] 1.205 1203 1.19  685 0.957 1042 1.05  908 1.297   886
[159,] 1.453  929 1.11  952 1.013  973 1.37  878 1.099  1246
[160,] 1.080 1237 1.34  624 1.015 1086 1.06 1049 1.310   923
[161,] 1.210 1013 1.16  965 1.051  873 1.28  796 1.196  1182
[162,] 1.334  986 1.13  827 1.087  753 1.16  982 1.089  1286
[163,] 1.472  867 1.24  723 1.065  953 1.27  808 1.134  1197
[164,] 1.367  962 1.16  782 1.154  764 1.37  868 1.202   999
[165,] 1.557  823 1.26  826 1.036  781 1.35  820 1.175  1068
[166,] 1.649  792 1.03  908 1.109  788 1.16  935 1.279  1084
[167,] 1.424  895 1.21  835 1.079  794 1.40  834 1.205  1127
[168,] 1.152 1019 1.46  613 0.920  940 1.38  760 1.128  1217
[169,] 1.317  989 1.29  849 0.911 1012 1.16  856 1.179  1120
[170,] 1.363  860 1.10  946 0.902 1163 1.15  949 1.202  1120
[171,] 1.097 1209 1.32  701 1.071  832 1.13  920 1.087  1100
[172,] 1.095 1393 1.29  756 1.105  729 1.42  650 1.154  1041
[173,] 1.470  965 1.14  799 0.998  843 1.12  962 1.098  1300
[174,] 1.390  873 1.40  710 1.101  983 1.22  870 0.983  1153
[175,] 1.342  927 1.20  732 1.075  809 1.19  942 1.148  1225
[176,] 1.338  933 1.20  779 1.097  885 1.30  802 1.143  1211
[177,] 1.485  742 1.24  807 1.048  886 1.26  871 1.210  1021
[178,] 1.322  871 1.11  937 0.992 1006 1.41  781 1.129   961
[179,] 1.430  789 1.21  734 0.953  919 1.31  784 1.047  1435
[180,] 1.466  725 1.15  823 1.072  851 1.09 1058 1.417   872
[181,] 1.396 1021 1.21  690 0.922  987 1.13 1023 1.237  1060
[182,] 1.798  713 1.20  877 1.004  888 1.22  902 1.207  1040
[183,] 1.643  772 1.19  728 0.911 1051 1.18 1125 1.086  1294
[184,] 1.221 1051 1.36  705 0.886 1027 1.23  847 1.021  1306
[185,] 1.498  845 1.20  809 1.195  723 1.34  882 0.933  1728
[186,] 1.628  871 1.18  804 0.958  840 1.42  758 1.102  1202
[187,] 1.285  859 1.12  763 1.044  827 1.26  798 1.296   867
[188,] 1.326  926 1.22  770 1.032  939 1.04 1067 1.270   896
[189,] 1.320  864 1.32  693 0.939 1038 1.10 1025 1.210  1097
[190,] 1.380  947 1.26  773 1.049  945 1.35  694 1.126  1242
[191,] 1.311 1005 1.16  777 1.030  840 1.19 1011 1.125  1032
[192,] 1.360  977 1.14  799 0.985  906 1.14 1046 1.068  1209
[193,] 1.504  895 1.14  881 1.038  871 1.06 1058 1.264   984
[194,] 1.430  909 1.23  740 1.103  761 1.05 1053 1.157  1330
[195,] 1.216 1100 1.16  744 1.128  744 1.23  975 1.244  1190
[196,] 1.511  735 1.21  930 1.027  950 1.27  704 1.115  1238
[197,] 1.245 1164 1.26  721 1.023  849 1.19  943 1.202  1205
[198,] 1.399  992 1.20  824 1.057  791 1.31  800 1.184  1276
[199,] 1.446  814 1.22  819 1.051  866 1.36  790 1.004  1460
[200,] 1.473  872 1.13  908 1.051  838 1.50  763 0.937  1508
